[array([0.828282, 0.777777]), array([0.737803, 0.601555]), array([8.86456e-01, 4.04712e-01, 9.80000e-05]), array([0.429578, 0.400818, 0.067425, 0.12233 ]), array([0.361593, 0.858022, 0.999172, 0.995663]), array([0.315938, 0.017065, 0.899154, 0.923548, 0.050946]), array([0.01693 , 0.900096, 0.826978, 0.174167, 0.413273, 0.770548]), array([0.037897, 0.017931, 0.035032, 0.225387, 0.022555, 0.624348,
       0.009878, 0.901238])]
[array([0.636363, 0.676767]), array([7.03517e-01, 1.00000e-06]), array([0.896256, 0.685712, 0.85898 ]), array([0.473835, 0.502178, 0.427389, 0.310466]), array([0.05587 , 0.04502 , 0.157892, 0.97581 ]), array([0.566466, 0.149384, 0.469166, 0.831127, 0.015482]), array([0.14398 , 0.441215, 0.207869, 0.135499, 0.348638, 0.734274]), array([0.026606, 0.161467, 0.104735, 0.012226, 0.53431 , 0.387625,
       0.009211, 0.82857 ])]
[array([0.717171, 0.797979]), array([0.959798, 1.      ]), array([0.063026, 0.522213, 0.653135]), array([0.388395, 0.482827, 0.767113, 0.471489]), array([0.242732, 0.607854, 0.969952, 0.987553]), array([0.554437, 0.302292, 0.630797, 0.989454, 0.041176]), array([0.097054, 0.43266 , 0.338115, 0.122619, 0.296117, 0.886436]), array([0.042396, 0.09296 , 0.003133, 0.894514, 0.391984, 0.468912,
       0.019845, 0.406537])]
[array([0.555555, 0.515151]), array([0.713567, 0.      ]), array([0.984858, 0.754248, 0.39319 ]), array([0.510239, 0.520903, 0.859218, 0.197554]), array([0.361593, 0.925   , 0.999172, 0.995663]), array([0.503404, 0.32886 , 0.662837, 0.995031, 0.025513]), array([0.11    , 0.42    , 0.207869, 0.197984, 0.335497, 0.79589 ]), array([0.007755, 0.036681, 0.104735, 0.012226, 0.53431 , 0.387625,
       0.009211, 0.82857 ])]
[array([0.636363, 0.616161]), array([0.698492, 0.391959]), array([0.970235, 0.943499, 0.48365 ]), array([0.454686, 0.481456, 0.089148, 0.327859]), array([0.914931, 0.989184, 0.874056, 0.997784]), array([0.482225, 0.520323, 0.975244, 0.96577 , 0.215269]), array([0.240236, 0.367928, 0.389614, 0.154452, 0.349812, 0.81742 ]), array([0.055953, 0.020616, 0.256988, 0.095144, 0.673194, 0.671619,
       0.008778, 0.67565 ])]
[array([0.595959, 0.626262]), array([0., 1.]), array([0.829838, 0.994463, 0.428653]), array([0.531742, 0.516301, 0.019415, 0.282469]), array([0.95 , 0.995, 0.95 , 0.999]), array([0.425493, 0.345934, 0.371038, 0.987649, 0.040109]), array([0.137641, 0.305196, 0.791277, 0.313659, 0.383495, 0.788786]), array([0.007755, 0.036681, 0.381926, 0.024524, 0.247903, 0.786551,
       0.027998, 0.668245])]
[array([0.686868, 0.616161]), array([0.904522, 0.      ]), array([0.853942, 0.013228, 0.51178 ]), array([0.354246, 0.499812, 0.51581 , 0.306418]), array([0.999999, 0.999999, 0.999999, 0.999999]), array([0.55    , 0.32886 , 0.7     , 0.955031, 0.025513]), array([0.200339, 0.211006, 0.688293, 0.219722, 0.438671, 0.782001]), array([0.026606, 0.161467, 0.104735, 0.012226, 0.53431 , 0.387625,
       0.009211, 0.82857 ])]
[array([0.636363, 0.636363]), array([0.698492, 0.      ]), array([0.986001, 0.753378, 0.376259]), array([0.606322, 0.435814, 0.63982 , 0.055703]), array([1., 1., 1., 1.]), array([0.465   , 0.32886 , 0.68    , 0.995031, 0.025513]), array([0.247648, 0.136756, 0.527801, 0.208314, 0.374163, 0.777361]), array([0.016372, 0.033103, 0.042799, 0.039834, 0.985679, 0.482062,
       0.08349 , 0.043116])]
[array([0.636363, 0.645   ]), array([0.693467, 0.      ]), array([0.414406, 0.372451, 0.418051]), array([0.443919, 0.498542, 0.781498, 0.284842]), array([1.1, 1.1, 1.1, 1.1]), array([0.44    , 0.32886 , 0.69    , 0.995031, 0.025513]), array([0.197117, 0.009551, 0.349359, 0.148414, 0.421726, 0.833825]), array([0.007434, 0.987307, 0.03002 , 0.557268, 0.947613, 0.157419,
       0.024628, 0.003369])]
[array([0.626262, 0.62626 ]), array([0.688442, 0.      ]), array([4.09189e-01, 9.17863e-01, 8.53000e-04]), array([0.40395 , 0.623771, 0.151312, 0.313104]), array([1.5, 1.5, 1.5, 1.5]), array([0.503404, 0.32886 , 0.662837, 0.995031, 0.025513]), array([0.182624, 0.196638, 0.136247, 0.262181, 0.337888, 0.754438]), array([0.020015, 0.018815, 0.193499, 0.238592, 0.80605 , 0.268708,
       0.029744, 0.664166])]
[array([0.626262, 0.636363]), array([0.743718, 1.      ]), array([0.885053, 0.399239, 0.400893]), array([0.4063  , 0.438861, 0.366343, 0.396909]), array([2.744293, 1.438163, 1.533883, 1.764792]), array([0.28255 , 0.279008, 0.404968, 0.998792, 0.054966]), array([0.371288, 0.116855, 0.246503, 0.004569, 0.350963, 0.796435]), array([0.009477, 0.14918 , 0.008117, 0.11692 , 0.295936, 0.285033,
       0.954837, 0.218024])]
[array([0.414141, 0.393939]), array([0.668341, 1.      ]), array([0.215832, 0.344108, 0.412254]), array([0.358441, 0.368055, 0.373656, 0.457646]), array([3.520157, 1.087264, 1.833394, 1.954587]), array([0.475   , 0.32886 , 0.68    , 0.995031, 0.025513]), array([0.247648, 0.115   , 0.485   , 0.208314, 0.374163, 0.777361]), array([0.016372, 0.033103, 0.042799, 0.039834, 0.995   , 0.482062,
       0.009211, 0.043116])]
[array([0.626262, 0.624   ]), array([0.692467, 0.      ]), array([0.936126, 0.350486, 0.379727]), array([0.442389, 0.401355, 0.377565, 0.402207]), array([3.329113, 0.998153, 1.343533, 2.199815]), array([0.46    , 0.32886 , 0.68    , 0.995031, 0.025513]), array([0.139218, 0.176314, 0.252152, 0.244811, 0.310848, 0.57563 ]), array([0.859486, 0.008909, 0.011801, 0.04859 , 0.063733, 0.16556 ,
       0.082406, 0.316578])]