[array([0.828282, 0.777777]), array([0.737803, 0.601555]), array([8.86456e-01, 4.04712e-01, 9.80000e-05]), array([0.429578, 0.400818, 0.067425, 0.12233 ]), array([0.361593, 0.858022, 0.999172, 0.995663]), array([0.315938, 0.017065, 0.899154, 0.923548, 0.050946]), array([0.01693 , 0.900096, 0.826978, 0.174167, 0.413273, 0.770548]), array([0.037897, 0.017931, 0.035032, 0.225387, 0.022555, 0.624348,
       0.009878, 0.901238])]
[array([0.636363, 0.676767]), array([7.03517e-01, 1.00000e-06]), array([0.896256, 0.685712, 0.85898 ]), array([0.473835, 0.502178, 0.427389, 0.310466]), array([0.05587 , 0.04502 , 0.157892, 0.97581 ]), array([0.566466, 0.149384, 0.469166, 0.831127, 0.015482]), array([0.14398 , 0.441215, 0.207869, 0.135499, 0.348638, 0.734274]), array([0.026606, 0.161467, 0.104735, 0.012226, 0.53431 , 0.387625,
       0.009211, 0.82857 ])]
[array([0.717171, 0.797979]), array([0.959798, 1.      ]), array([0.063026, 0.522213, 0.653135]), array([0.388395, 0.482827, 0.767113, 0.471489]), array([0.242732, 0.607854, 0.969952, 0.987553]), array([0.554437, 0.302292, 0.630797, 0.989454, 0.041176]), array([0.097054, 0.43266 , 0.338115, 0.122619, 0.296117, 0.886436]), array([0.042396, 0.09296 , 0.003133, 0.894514, 0.391984, 0.468912,
       0.019845, 0.406537])]
[array([0.555555, 0.515151]), array([0.713567, 0.      ]), array([0.984858, 0.754248, 0.39319 ]), array([0.510239, 0.520903, 0.859218, 0.197554]), array([0.361593, 0.925   , 0.999172, 0.995663]), array([0.503404, 0.32886 , 0.662837, 0.995031, 0.025513]), array([0.11    , 0.42    , 0.207869, 0.197984, 0.335497, 0.79589 ]), array([0.007755, 0.036681, 0.104735, 0.012226, 0.53431 , 0.387625,
       0.009211, 0.82857 ])]
[array([0.636363, 0.616161]), array([0.698492, 0.391959]), array([0.970235, 0.943499, 0.48365 ]), array([0.454686, 0.481456, 0.089148, 0.327859]), array([0.914931, 0.989184, 0.874056, 0.997784]), array([0.482225, 0.520323, 0.975244, 0.96577 , 0.215269]), array([0.240236, 0.367928, 0.389614, 0.154452, 0.349812, 0.81742 ]), array([0.055953, 0.020616, 0.256988, 0.095144, 0.673194, 0.671619,
       0.008778, 0.67565 ])]
[array([0.595959, 0.626262]), array([0., 1.]), array([0.829838, 0.994463, 0.428653]), array([0.531742, 0.516301, 0.019415, 0.282469]), array([0.95 , 0.995, 0.95 , 0.999]), array([0.425493, 0.345934, 0.371038, 0.987649, 0.040109]), array([0.137641, 0.305196, 0.791277, 0.313659, 0.383495, 0.788786]), array([0.007755, 0.036681, 0.381926, 0.024524, 0.247903, 0.786551,
       0.027998, 0.668245])]